Open-Average = 3996.269565217391
High-Average = 4056.2608695652166
Low-Average = 3936.0173913043477
